IFNa1	0
IFNa2	0.6057692307692308	0
IFNb	0.6538461538461539	0.7596153846153846	0
IFNk	0.9086538461538461	0.9134615384615384	0.9375	0
IFNw	0.42307692307692313	0.6923076923076923	0.6634615384615384	0.9471153846153846	0
IFNe	0.8990384615384616	0.9471153846153846	0.8605769230769231	0.9134615384615384	0.9086538461538461	0
IFNL1	0.9038461538461539	0.8653846153846154	0.9086538461538461	0.9375	0.8990384615384616	0.9230769230769231	0
IFNL2	0.8894230769230769	0.8701923076923077	0.8990384615384616	0.9519230769230769	0.8846153846153846	0.9278846153846154	0.8942307692307693	0
IFNL3	0.875	0.875	0.8557692307692308	0.9615384615384616	0.8509615384615384	0.9086538461538461	0.8701923076923077	0.8509615384615384	0
IFNG	0.8798076923076923	0.8413461538461539	0.8605769230769231	0.9519230769230769	0.8846153846153846	0.9663461538461539	0.9086538461538461	0.8942307692307693	0.8701923076923077	0
IL10	0.8413461538461539	0.8317307692307692	0.8461538461538461	0.9375	0.8557692307692308	0.9519230769230769	0.8990384615384616	0.8798076923076923	0.8894230769230769	0.8269230769230769	0
IL22	0.8269230769230769	0.8269230769230769	0.8509615384615384	0.9471153846153846	0.875	0.9230769230769231	0.8605769230769231	0.875	0.8557692307692308	0.8028846153846154	0.7836538461538461	0
IL26	0.8461538461538461	0.8076923076923077	0.8413461538461539	0.9182692307692307	0.8798076923076923	0.9471153846153846	0.8846153846153846	0.9134615384615384	0.875	0.7740384615384616	0.7788461538461539	0.8028846153846154	0
	IFNa1	IFNa2	IFNb	IFNk	IFNw	IFNe	IFNL1	IFNL2	IFNL3	IFNG	IL10	IL22	IL26